0 0.930763 0.172414 0.053234 0.226820
0 0.861232 0.251341 0.044543 0.113410
0 0.784097 0.099234 0.142320 0.134100
0 0.646123 0.054023 0.070617 0.091188
0 0.382124 0.068582 0.101036 0.095785
0 0.145829 0.139847 0.115160 0.147893
0 0.846023 0.547510 0.094518 0.066667
0 0.139854 0.556705 0.094518 0.104981
0 0.403309 0.578927 0.039111 0.060536
0 0.898170 0.690805 0.094518 0.134100
0 0.910121 0.806897 0.072790 0.068966
0 0.829183 0.799617 0.041284 0.046743
0 0.530420 0.914943 0.147752 0.122605
0 0.149088 0.722989 0.086913 0.158621
0 0.163212 0.838697 0.102123 0.040613