0 0.340987 0.070196 0.156789 0.090980
0 0.038530 0.219608 0.058935 0.032157
0 0.719059 0.396863 0.141221 0.099608
0 0.106361 0.343922 0.065607 0.067451
0 0.207550 0.461569 0.092294 0.094118
0 0.853608 0.558039 0.094518 0.090980
0 0.412710 0.615686 0.108974 0.113725
0 0.105249 0.717647 0.074502 0.113725
0 0.295396 0.782745 0.052263 0.085490
0 0.786334 0.901569 0.113422 0.108235
0 0.607862 0.906667 0.170132 0.049412
0 0.044646 0.802745 0.044479 0.047059
0 0.080229 0.897255 0.044479 0.047843
0 0.038530 0.968627 0.038919 0.050980