0 0.925331 0.059494 0.043071 0.080169
0 0.941483 0.145570 0.034696 0.048101
0 0.808679 0.122363 0.128018 0.097890
0 0.810474 0.242616 0.043071 0.061603
0 0.913367 0.331646 0.043071 0.141772
0 0.157149 0.224528 0.113243 0.129560
0 0.209313 0.325472 0.039234 0.061006
0 0.453633 0.486478 0.208653 0.183019
0 0.176766 0.568868 0.152477 0.167925
0 0.948069 0.682704 0.038342 0.094969
0 0.561080 0.763208 0.170311 0.161635
0 0.841067 0.902830 0.034775 0.116352
0 0.414845 0.716352 0.041909 0.072956
0 0.439366 0.876730 0.071334 0.085535
0 0.126903 0.873684 0.046015 0.084211