0 0.915406 0.069333 0.061437 0.073333
0 0.814745 0.134000 0.056711 0.056000
0 0.903119 0.639333 0.116257 0.136000
0 0.566635 0.123667 0.120038 0.120667
0 0.425803 0.095667 0.051985 0.154000
0 0.216446 0.050333 0.037807 0.059333
0 0.106805 0.298333 0.037807 0.046000
0 0.616257 0.498667 0.047259 0.081333
0 0.123346 0.542667 0.040643 0.049333
0 0.154064 0.716000 0.088847 0.089333
0 0.292533 0.745000 0.031191 0.060667
0 0.893195 0.784333 0.069943 0.079333
0 0.788752 0.832000 0.065217 0.112000
0 0.169660 0.875667 0.046314 0.172667
0 0.124764 0.899000 0.034026 0.123333