0 0.866108 0.065401 0.044268 0.066667
0 0.466500 0.115612 0.149554 0.118143
0 0.317544 0.080169 0.074179 0.086076
0 0.208669 0.051899 0.057429 0.063291
0 0.143464 0.138397 0.056232 0.082700
0 0.117142 0.399156 0.058625 0.099578
0 0.351044 0.391561 0.126822 0.118143
0 0.863715 0.526582 0.089732 0.092827
0 0.397705 0.504641 0.045464 0.057384
0 0.050741 0.533755 0.040679 0.080169
0 0.878072 0.646414 0.053839 0.128270
0 0.849358 0.773840 0.104089 0.067511
0 0.465902 0.616034 0.052643 0.072574
0 0.461714 0.737553 0.130411 0.106329
0 0.888840 0.898734 0.039482 0.075949
0 0.815259 0.961603 0.074179 0.037975
0 0.424027 0.958228 0.043071 0.058228
0 0.301393 0.667932 0.154339 0.122363
0 0.096205 0.927004 0.064607 0.098734